1111111111111111111111111
1000000000010000000000001
1011111111010111111111101
1010000000010100000000101
1010111111110111111110101
1010100000000000000010101
1010101111111111111010101
1010101000000000001010101
1010101011111111101010101
1000001010000000101000001
1111101010111110101011111
1000000010100000101000001
1011111110101111101111101
1010000000101000000000101
1010111111101011111110101
1010100000001010000010101
1010101111111010111010101
1010101000000010100010101
1010101011111110101110101
1000001010000000001000001
1111101010111111111011111
1000000010100000000010001
1011111110101111111110101
1000000000000000000000001
1111111111111111111111111
